62
71
62
86
61
60
78
65
84
85
82
78
77
81
66
67
70
59
67
90
71
80
77
67
91
88
55
81
62
66
72
55
77
62
57
73
61
61
100
74
100
86
98
83
58
66
94
61
58
93
87
99
93
89
86
73
97
68
87
63
64
81
57
56
59
96
84
98
55
59
67
63
93
90
79
93
71
66
79
80
67
62
87
76
79
100
67
55
87
79
84
73
82
99
95
85
58
82
55
65
87
63
92
81
74
72
100
75
77
86
91
96
92
60
85
56
97
77
99
93
88
90
73
62
95
86
76
64
95
78
93
96
86
74
77
94
88
81
75
63
78
67
99
73
99
59
70
89
64
87
